array([[1.        , 0.        , 0.61803399, 0.38196601, 0.61803399,
        0.38196601],
       [0.        , 0.        , 0.        , 0.        , 0.        ,
        0.        ],
       [0.61803399, 0.        , 0.38196601, 0.23606798, 0.38196601,
        0.23606798],
       [0.38196601, 0.        , 0.23606798, 0.14589803, 0.23606798,
        0.14589803],
       [0.61803399, 0.        , 0.38196601, 0.23606798, 0.38196601,
        0.23606798],
       [0.38196601, 0.        , 0.23606798, 0.14589803, 0.23606798,
        0.14589803]])

Results of np.linalg.eig: 
(array([ 0.00000000e+00,  2.05572809e+00, -5.24572521e-17, -3.08148791e-33,
        0.00000000e+00,  0.00000000e+00]), 
array([[-0.71662706,  0.69745656,  0.30306086, -0.71662706,  0.71662706,
         0.        ],
       [ 0.        ,  0.        ,  0.        ,  0.        ,  0.        ,
         1.        ],
       [ 0.41952079,  0.43105186,  0.15945454,  0.41952079, -0.41952079,
         0.        ],
       [ 0.25927811,  0.2664047 , -0.65471468,  0.25927811, -0.25927811,
         0.        ],
       [ 0.41952079,  0.43105186,  0.15945454,  0.41952079, -0.41952079,
         0.        ],
       [ 0.25927811,  0.2664047 , -0.65471468,  0.25927811, -0.25927811,
         0.        ]]))