array([[0.61803399, 0.        , 0.61803399, 0.        , 0.23606798,
        0.38196601],
       [0.        , 0.38196601, 0.38196601, 0.        , 0.38196601,
        0.        ],
       [0.61803399, 0.38196601, 1.        , 0.        , 0.61803399,
        0.38196601],
       [0.        , 0.        , 0.        , 0.        , 0.        ,
        0.        ],
       [0.23606798, 0.38196601, 0.61803399, 0.        , 0.47213595,
        0.14589803],
       [0.38196601, 0.        , 0.38196601, 0.        , 0.14589803,
        0.23606798]])


Results of np.linalg.eig: 
(array([ 2.05709457e+00, -1.21894817e-16,  6.51109366e-01,  9.55088647e-18,
       -9.11350718e-17,  0.00000000e+00]), 
array([[-0.44126015, -0.68647673,  0.57796123, -0.09036717, -0.57338075,
         0.        ],
       [-0.25562583, -0.35481373, -0.61659648, -0.37538392, -0.65537583,
         0.        ],
       [-0.69688597,  0.41542316, -0.03863525, -0.39695902,  0.36957189,
         0.        ],
       [ 0.        ,  0.        ,  0.        ,  0.        ,  0.        ,
         1.        ],
       [-0.4241722 , -0.06060942, -0.39583494,  0.77234295,  0.28580395,
         0.        ],
       [-0.27271377,  0.47603258,  0.35719968,  0.31117614,  0.15313312,
         0.        ]]))